0.81056  0.83652  0.82503  0.83344  0.82415

0.80482  0.84078  0.81703  0.84413  0.82691

0.80827  0.83547  0.81755  0.83996  0.82518

0.76234  0.79900  0.78892  0.79056  0.78103

0.79679  0.82058  0.79252  0.87169  0.82653

0.80827  0.83353  0.86657  0.78423  0.81235

0.82434  0.84919  0.84611  0.85874  0.84435

0.83812  0.86111  0.86665  0.83349  0.84756

0.83582  0.86490  0.84241  0.87812  0.85546

0.82893  0.86620  0.83904  0.85278  0.84358

0.84501  0.89130  0.87326  0.83349  0.85190

0.83467  0.87022  0.86250  0.84408  0.84565

0.84730  0.88019  0.87165  0.83788  0.85344

0.76005  0.80778  0.77084  0.81078  0.78488

0.75545  0.80355  0.79051  0.77565  0.77468

0.77497  0.83317  0.79437  0.80765  0.79609

0.78186  0.82886  0.80985  0.81288  0.80283

0.79564  0.82050  0.81164  0.82930  0.81573

0.77612  0.81721  0.83264  0.78108  0.78147

0.78301  0.82040  0.79944  0.82070  0.80560

0.74168  0.79182  0.78146  0.76392  0.76232

0.74742  0.79160  0.76986  0.78418  0.77228

0.76005  0.79882  0.78812  0.77597  0.77672

0.77727  0.80019  0.80692  0.80777  0.80009

0.77727  0.80967  0.79420  0.81277  0.79846

0.76579  0.80554  0.79845  0.78839  0.78623

0.75431  0.80229  0.77750  0.79394  0.77972

0.78301  0.82343  0.81108  0.80761  0.80286

0.77153  0.80774  0.78826  0.80990  0.78975

0.75431  0.77772  0.78795  0.75592  0.76777

0.79564  0.81593  0.81850  0.80356  0.80866

0.77842  0.79520  0.80499  0.79903  0.79543

0.80827  0.83674  0.82826  0.82294  0.82190

0.79908  0.82966  0.82328  0.80574  0.81230

0.80023  0.82780  0.82885  0.80370  0.81038

0.55339  0.49586  0.57903  0.57502  0.57014

0.80941  0.85204  0.84681  0.79311  0.81144

0.83737  0.64099  0.43862  0.11252  0.11621

0.72500  0.87865  0.72499  0.72500  0.70950

0.81515  0.84798  0.85367  0.80809  0.82002

0.83777  0.63408  0.45339  0.09846  0.10863

0.83442  0.66136  0.33175  0.08440  0.07985

0.83639  0.64306  0.45717  0.07971  0.08944

0.83323  0.54104  0.27337  0.06252  0.05948

0.84486  0.66564  0.33802  0.05625  0.06259

0.85472  0.61695  0.65220  0.03752  0.05094

0.85314  0.66254  0.50129  0.04067  0.05680

0.85728  0.67370  0.56408  0.07034  0.08694

0.79908  0.83988  0.81761  0.83367  0.81695

0.79679  0.82513  0.83250  0.78617  0.79467

0.79449  0.82737  0.84500  0.76092  0.78395

0.80597  0.81802  0.84675  0.80379  0.81105

0.81515  0.85277  0.85746  0.80301  0.81822

0.81630  0.84301  0.84852  0.80948  0.82182

0.81515  0.84739  0.83665  0.82058  0.82521

0.86044  0.68103  0.72454  0.04846  0.07480

0.86221  0.67876  0.86689  0.02815  0.04498

0.86300  0.67593  0.80301  0.06255  0.09170

0.86241  0.68390  0.86395  0.03127  0.05002

0.85847  0.66464  0.82727  0.11252  0.12218

0.86241  0.67043  0.85617  0.03286  0.05279

0.87759  0.68595  0.95556  0.03442  0.06499

0.94125  0.97388  0.95698  0.92500  0.94025

0.96708  0.98217  0.91554  0.89000  0.89839

0.88000  0.60531  1.00000  0.02850  0.05358

0.57125  0.52025  0.60193  0.61500  0.55494

0.58625  0.52750  0.60409  0.61000  0.57584

0.72500  0.53215  1.00000  0.03750  0.07088

0.87778  0.71145  0.86250  0.03286  0.06183

0.87838  0.73039  0.93476  0.04224  0.07759

0.87739  0.50000  0.93864  0.04065  0.06894

0.87798  0.50204  0.94667  0.03755  0.06951

0.87877  0.73517  0.85437  0.05942  0.10558

0.87680  0.73681  0.88000  0.03134  0.05914

0.66600  0.86511  0.66201  0.66600  0.64744

0.69267  0.86608  0.72559  0.69267  0.68040

0.87916  0.72581  0.86149  0.06255  0.10847

0.68133  nan  0.69591  0.68133  0.66823

0.67867  0.93948  0.69605  0.67867  0.66400

0.67867  0.93535  0.70128  0.67867  0.66871

0.68033  0.75182  0.69423  0.68033  0.66759

0.68167  0.82592  0.70815  0.68167  0.67014

0.68067  0.93134  0.69396  0.68067  0.66588

0.68133  0.86875  0.72232  0.68133  0.66794

0.87700  0.51023  0.92258  0.04224  0.07237

0.87838  0.52899  0.87500  0.04692  0.08672

0.68800  0.86450  0.71072  0.68800  0.67409

0.67033  0.84958  0.69141  0.67033  0.66450

0.67767  0.85654  0.70214  0.67767  0.66990

0.68500  0.88143  0.70511  0.68500  0.67987

0.68067  0.86244  0.72552  0.68067  0.67043

0.66700  0.85877  0.68105  0.66700  0.65887

0.68100  0.86943  0.69132  0.68100  0.66828

0.67200  0.85082  0.71233  0.67200  0.65702

0.68000  0.87120  0.69510  0.68000  0.66112

0.68933  0.86885  0.72010  0.68933  0.67920

0.68533  0.86125  0.70764  0.68533  0.67524

0.68267  0.86418  0.71301  0.68267  0.66587

0.68433  0.85927  0.71153  0.68433  0.67570

0.87916  0.00000  0.90733  0.05317  0.09652

0.87798  0.73524  0.89583  0.03911  0.07308

0.73100  0.88682  0.73355  0.73100  0.71430

0.68300  0.87016  0.70226  0.68300  0.67021

0.67967  0.83363  0.68820  0.67967  0.66821

0.67900  0.83865  0.69361  0.67900  0.66384

0.87778  0.70270  0.91333  0.03911  0.07154

0.68900  0.81949  0.72497  0.68900  0.67504

0.67800  0.85603  0.70904  0.67800  0.66874

0.87857  0.73024  0.92560  0.04380  0.08142

0.68233  0.86648  0.71327  0.68233  0.66791

0.67867  0.85238  0.67646  0.67867  0.66345

0.73033  0.88974  0.75038  0.73033  0.71965

0.68267  0.94075  0.69416  0.68267  0.66782

0.67933  0.70010  0.70025  0.67933  0.66755

0.67700  0.81287  0.71042  0.67700  0.66257

0.69267  0.94085  0.71203  0.69267  0.68160

0.68200  0.75780  0.69244  0.68200  0.67125

0.68200  0.94298  0.69487  0.68200  0.66843

0.68433  0.72606  0.69955  0.68433  0.67659

0.68000  0.65086  0.69667  0.68000  0.66517

0.68500  0.71218  0.70345  0.68500  0.67541

0.67967  0.82496  0.70850  0.67967  0.66615

0.68667  0.90310  0.70402  0.68667  0.67431

0.69000  0.92579  0.71645  0.69000  0.67329

0.68400  0.91562  0.71217  0.68400  0.67167

0.67633  0.93427  0.69140  0.67633  0.66007

0.68333  0.86733  0.71148  0.68333  0.67497

0.68300  0.87020  0.70358  0.68300  0.67142

0.67867  0.87116  0.69667  0.67867  0.66928

